% # columns="iteration, evaluation, sigma, axis ratio, bestever, best, median, worst objective function value, further objective values of best", seed=349951, Mon Nov  6 17:56:33 2023, <python>{}</python>
1 11 0.8925471350201037 1.0000458343836967 29.939196991504204 2.9939196991504204e+01 99.69037569662524 1094.9487931663507   
2 22 0.835249808816936 1.117513352048273 24.35541618438472 2.4355416184384719e+01 70.35823121635117 2464.777563569802   
3 33 0.8776275277703728 1.1938858017110283 24.35541618438472 2.8176659655407818e+01 92.0408073792305 299.7819999774621   
4 44 0.86318082731882 1.3123348076111343 24.35541618438472 2.7527690835447601e+01 41.14876856507696 232.5521086899521   
5 55 0.9218697280550213 1.348482685677415 24.35541618438472 3.2990203558262344e+01 52.2031705484695 1284.1575910711142   
6 66 1.0290607770523235 1.4743387285863825 24.35541618438472 2.9329094074988589e+01 47.04713799166989 213.34272297975266   
7 77 1.1132805106567494 1.591835973441324 24.35541618438472 3.6850942964207555e+01 54.346415177106444 110.81396722039418   
8 88 1.167891182231427 1.6965385678641096 24.35541618438472 2.5472617722830947e+01 56.66312232374982 1036.1980233131587   
9 99 1.2975840271999175 1.7646363346211063 24.35541618438472 2.6583976157392350e+01 41.93752401514376 91.90453433867604   
10 110 1.3000020375320758 1.8544295519352914 24.35541618438472 3.4240471420658317e+01 42.86618194018417 160.50330337709252   
11 121 1.2667588164607213 1.9466825961824354 24.35541618438472 2.9923349165961973e+01 47.629300974084174 85.27064380899276   
12 132 1.2153606153576375 2.069981847164029 23.03747559402123 2.3037475594021231e+01 36.18969022160391 193.02146861566789   
13 143 1.2437872401369043 2.0876079980330333 23.03747559402123 2.5451503970594491e+01 32.58270403507883 70.40180920720435   
14 154 1.2376840670830391 2.1028452728951845 23.03747559402123 2.8375641897688844e+01 36.21826942147617 216.23311200665293   
15 165 1.1549388570714143 2.1276346283247394 23.03747559402123 2.3154492889420943e+01 40.49504600988366 67.28833794351982   
16 176 1.0935825642802042 2.156119673580711 23.03747559402123 2.3117468005565470e+01 31.7832785102679 60.748386154486774   
17 187 1.0584292531047594 2.1558226205452686 23.03747559402123 2.3063943722402655e+01 27.062714373773105 32.16206362167837   
18 198 1.040557292903301 2.10350442738374 21.28071033968056 2.1280710339680560e+01 28.252940332686727 107.12589291646837   
19 209 1.0084736963696663 2.1090409702344264 21.28071033968056 2.2244215773549833e+01 27.081419909543925 68.92347062032567   
20 220 0.9431444292954462 2.1080045128162954 21.078591675279995 2.1078591675279995e+01 22.788309200297192 27.501971388900188   
21 231 0.8858921069550981 2.133452467218107 21.078591675279995 2.1176971883206885e+01 25.092757064128406 30.152961390043245   
22 242 0.8551007256538621 2.1757261674972024 20.085565845663538 2.0085565845663538e+01 22.278403426289096 25.114124898660442   
23 253 0.7753997948046653 2.2359137609771684 20.085565845663538 2.0109876764692721e+01 23.298296117553058 26.84435874907616   
24 264 0.7116904184014894 2.242810295499783 19.819354063668982 1.9819354063668982e+01 20.948039923940197 26.2503734894705   
25 275 0.6837390736048071 2.310404653265847 19.819354063668982 1.9855461765458450e+01 21.16843246985858 23.328161911897748   
26 286 0.6785499446367081 2.3174950987859426 19.49838666999044 1.9498386669990438e+01 21.388147064122418 24.691133722603865   
27 297 0.6702713794077858 2.314810971688525 19.49838666999044 1.9837316096637906e+01 20.86045702857322 23.934035941111304   
28 308 0.6416880759262519 2.301670150330796 19.49838666999044 1.9498704386701050e+01 20.95204710035348 23.639399418730765   
29 319 0.6166735122544198 2.3220561066193275 19.3754285119254 1.9375428511925399e+01 21.5029883221741 23.100504778614624   
30 330 0.6051612521877499 2.3881889859969796 19.3754285119254 1.9613320026181242e+01 20.2188676913962 21.083149491889703   
31 341 0.6292725529336951 2.3466166242189166 19.065535640726015 1.9065535640726015e+01 20.041896581014885 21.085542327825383   
32 352 0.6501772816791063 2.470926885220538 18.93414854590651 1.8934148545906510e+01 19.88896856269756 20.88727054074379   
33 363 0.6353387371502883 2.5148146594442387 18.93414854590651 1.9050907538916036e+01 20.179353364653362 20.894061037615543   
34 374 0.6178072070299306 2.6400808601178056 18.93414854590651 1.9537306479305094e+01 20.154159771478263 21.379925047535917   
35 385 0.6388790132626244 2.688652384412393 18.93414854590651 1.9000543116925407e+01 20.27186416415807 21.054268222927426   
36 396 0.6297779915670976 2.722227422868455 18.813467421833067 1.8813467421833067e+01 19.61231235063197 20.920263670855835   
37 407 0.5952977621271021 2.8125358505374125 18.813467421833067 1.9238180204356503e+01 20.08830364314762 20.37437445135585   
38 418 0.5666166181863855 2.7825994012599793 18.813467421833067 1.8922048784070373e+01 19.586662202007012 20.88487698686221   
39 429 0.5340891446326348 2.8522063452320134 18.813467421833067 1.9360561813123240e+01 19.878045100883902 21.139114663569483   
40 440 0.49275183241881154 2.9043376043491516 18.813467421833067 1.8896046418737320e+01 19.5688326900798 21.04014653109799   
41 451 0.4565557936576354 2.939029028975804 18.813467421833067 1.9391706112991404e+01 19.750645049975184 20.598313141266594   
42 462 0.42334969609981876 2.978763821154354 18.807920953972552 1.8807920953972552e+01 19.75475705814031 20.08613651651043   
43 473 0.383109962550608 2.9834180427651695 18.807920953972552 1.9105483569844345e+01 19.470161449566177 19.91137101232473   
44 484 0.35838670612074364 2.9669106439542174 18.807920953972552 1.8962664138289675e+01 19.238338856864043 20.20706444797024   
45 495 0.34477706917297796 3.0281014229155025 18.807920953972552 1.9037353065926681e+01 19.189012147183632 19.8684014021264   
46 506 0.3408244541941877 3.103202367757948 18.807920953972552 1.8911142702564074e+01 19.212822418678833 19.640423058685155   
47 517 0.3257352890596912 3.1005440632163666 18.807920953972552 1.8997695245470098e+01 19.29002823461276 19.631932132202493   
48 528 0.3266366191768181 3.1187286693662695 18.807920953972552 1.9016803835974738e+01 19.351778668030637 19.891698853121007   
49 539 0.3220091932779651 3.202303365769025 18.807920953972552 1.8896652199877725e+01 19.294093687158355 19.97353288788174   
50 550 0.31728880740394877 3.2387065240406634 18.700684488386415 1.8700684488386415e+01 19.22845149020246 19.79245068001788   
51 561 0.30346251321325085 3.2014470010844494 18.685527166477073 1.8685527166477073e+01 19.056044176539732 19.607601426052202   
52 572 0.2906043787590447 3.1868786639580353 18.59603766972197 1.8596037669721969e+01 19.068489261103178 19.802829508585   
53 583 0.26985012536280717 3.111624176701069 18.59603766972197 1.8622950352963354e+01 18.952574970043536 19.908584849584127   
54 594 0.2539284012377342 3.15717381402487 18.59603766972197 1.8764565299301896e+01 19.07530462498997 19.54446958017272   
55 605 0.23272823456866026 3.1883708447551347 18.59603766972197 1.8720023236617990e+01 19.011308021793077 19.737031465497665   
56 616 0.22304012111862093 3.161245273073501 18.59603766972197 1.8670664764889253e+01 18.906990411548513 19.357331403309868   
57 627 0.21080750592166456 3.1604695730590593 18.534944014558 1.8534944014558000e+01 19.095416691937004 19.439789492400052   
58 638 0.20719875141653285 3.175329092561569 18.534944014558 1.8705279634735003e+01 18.942928144234894 19.36990185725845   
59 649 0.204403018332002 3.1962840745423624 18.534944014558 1.8695995276686407e+01 18.78752511107427 19.1707568739188   
60 660 0.19878673196862048 3.1931226357375335 18.51025929781315 1.8510259297813150e+01 18.829373130137306 19.145610751404675   
61 671 0.1855445959297849 3.3121733747652904 18.51025929781315 1.8537525254819393e+01 18.712258773066537 19.132281457298276   
62 682 0.18670174443427637 3.3446252502007114 18.50112128016947 1.8501121280169471e+01 18.717553898363896 18.893715895046974   
63 693 0.2034363049820398 3.4447702832106346 18.50112128016947 1.8618889686041019e+01 18.774726640085134 19.108908055061345   
64 704 0.20599219456941825 3.447089378341725 18.50112128016947 1.8624394455788895e+01 18.670810711754356 19.841248069494682   
65 715 0.20226781143676736 3.441987953033078 18.50112128016947 1.8518623717846353e+01 18.885023800704396 19.2489274463173   
66 726 0.19000945750986525 3.284218437584076 18.417771605858967 1.8417771605858967e+01 18.71813140895416 18.967232827206267   
67 737 0.197592505934867 3.339993509514017 18.417771605858967 1.8498413581112242e+01 18.664813620426315 19.019567888497797   
68 748 0.21130315001694822 3.318703899965652 18.417771605858967 1.8514467664478854e+01 18.61948025239182 18.781722473130642   
69 759 0.22241459022287455 3.4418417690907184 18.417771605858967 1.8483790094219401e+01 18.762604311207543 19.088256711258826   
70 770 0.2272099432093532 3.657390392025228 18.417771605858967 1.8597731854149629e+01 18.665326200916866 19.128209194421387   
71 781 0.22216820639040688 3.691588756395485 18.417771605858967 1.8456918843997741e+01 18.654750647868585 18.95648638377375   
72 792 0.20264181743991497 3.690491129120439 18.415917640082075 1.8415917640082075e+01 18.71183837454088 19.12594697493767   
73 803 0.19732097822254963 3.7046801150793747 18.415917640082075 1.8472749450022697e+01 18.64675868772819 19.003540026309267   
74 814 0.19160007543432125 3.8130328190889267 18.405647673819168 1.8405647673819168e+01 18.52340596458219 18.805700674802743   
75 825 0.1869518664692515 3.845844296226081 18.405647673819168 1.8411847552390679e+01 18.61370178714801 18.899333076265933   
76 836 0.18694793009021804 3.86129088989119 18.304284973407952 1.8304284973407952e+01 18.647559089170542 19.001573561455807   
77 847 0.17941185097003137 3.842339646780424 18.304284973407952 1.8346494952255853e+01 18.57884472184815 18.73453429917141   
78 858 0.16140824307250967 3.8452096798818283 18.304284973407952 1.8346066120199602e+01 18.63958639431664 18.80167367723841   
79 869 0.14801422860019825 3.8747526847672757 18.304284973407952 1.8340286604674624e+01 18.47533194227442 18.677568238869828   
80 880 0.13873573778663154 3.881664026344741 18.304284973407952 1.8394665625796019e+01 18.506556277835976 18.68542954464594   
81 891 0.13916147187141628 3.972342032263654 18.304284973407952 1.8367931371831514e+01 18.457498064833054 18.630426643412864   
82 902 0.13521234144516714 4.164521350274595 18.304284973407952 1.8315317571024664e+01 18.5347425250767 18.926595448229808   
83 913 0.12807392515379754 4.0518674738391605 18.304284973407952 1.8325746768183933e+01 18.439230659074962 18.58181300753545   
84 924 0.11952300922668009 4.047879761854769 18.25263443114379 1.8252634431143790e+01 18.457704228055277 18.628255316320693   
85 935 0.11093541092631107 4.043267744592462 18.25263443114379 1.8296580721278310e+01 18.408428130652904 18.583454363317806   
86 946 0.10880755504351666 4.0750578948226925 18.25263443114379 1.8327307018012462e+01 18.45231225351131 18.52565895379167   
87 957 0.1037952677628037 4.023344954045108 18.25263443114379 1.8293766322706272e+01 18.480189798673212 18.585578907193735   
88 968 0.09915183203916136 3.956590912163306 18.25263443114379 1.8365432648629820e+01 18.53443745591675 18.650255968351885   
89 979 0.09805020896980807 3.8044209995959077 18.25263443114379 1.8317527418722911e+01 18.486390654566847 18.645469958721808   
90 990 0.09383975989132502 3.889015976638878 18.25263443114379 1.8279969857370428e+01 18.436526907971224 18.614184499974552   
91 1001 0.09180732422499661 3.9261256904128468 18.25263443114379 1.8281401416773182e+01 18.447616941420833 18.6114760317742   
92 1012 0.09320574205964122 4.058569185384921 18.25263443114379 1.8280720186577049e+01 18.399800726188662 18.455704118188905   
93 1023 0.09188131534446543 4.0874150701173075 18.159113747433416 1.8159113747433416e+01 18.47978035873603 18.609813564461703   
94 1034 0.08795635257519577 3.9795293788705304 18.159113747433416 1.8253471282845059e+01 18.42784330643395 18.664498243538596   
95 1045 0.0877932643621994 3.9896571844364908 18.159113747433416 1.8296086980427596e+01 18.345334908829685 18.494206806114708   
96 1056 0.08614559425087519 4.100130203964162 18.159113747433416 1.8331148323714672e+01 18.363457478672494 18.495482581642634   
97 1067 0.0941958296406892 4.179806509036764 18.159113747433416 1.8180568568841132e+01 18.357535858687374 18.466635546482166   
98 1078 0.10037805357147886 4.525388666025352 18.159113747433416 1.8190051469404121e+01 18.312167674861595 18.50780357540173   
99 1089 0.10018092636498387 4.61152329059216 18.159113747433416 1.8194455404515985e+01 18.35371859667049 18.445678029593296   
100 1100 0.10154947415142714 4.837222189745377 18.159113747433416 1.8261698426320176e+01 18.32336826281287 18.35454859742527   
101 1111 0.10154907566510049 4.863423911700943 18.159113747433416 1.8256325940697121e+01 18.37443630152768 18.55064415533829   
102 1122 0.10104243689977627 4.679596398821961 18.159113747433416 1.8256826356149716e+01 18.419890186521094 18.62097282721549   
103 1133 0.0971601856577915 4.708861599687062 18.159113747433416 1.8279230068344582e+01 18.33982031326976 18.45544789510976   
104 1144 0.092946191230039 4.749823152345373 18.159113747433416 1.8210125879423142e+01 18.376590331363076 18.53697683495247   
105 1155 0.08678250723101405 4.7746722992067605 18.159113747433416 1.8205146734694555e+01 18.320098294369807 18.45094855455926   
106 1166 0.08334231977216344 4.74504517905934 18.159113747433416 1.8279552688845634e+01 18.352433375135774 18.467988426406162   
107 1177 0.0817691269162185 4.744812735774427 18.159113747433416 1.8283846462939522e+01 18.368586266725856 18.427664699258436   
108 1188 0.075218610039611 4.816670339119116 18.159113747433416 1.8189861919912566e+01 18.369773132947646 18.495814359944703   
109 1199 0.07034890372684041 4.7922272228215075 18.159113747433416 1.8190432232685406e+01 18.305200236181744 18.42744977277521   
110 1210 0.062211219827150076 4.845498221294839 18.159113747433416 1.8199915496916759e+01 18.306336197922384 18.394771625521017   
111 1221 0.05940699874750868 4.819293079371499 18.15323242977634 1.8153232429776342e+01 18.239877590978466 18.32288721841878   
112 1232 0.058014371165587594 4.774512904023793 18.15323242977634 1.8200597706947988e+01 18.305964730170697 18.38546554150457   
113 1243 0.05784920862520396 4.755209336690899 18.15323242977634 1.8199014159382138e+01 18.251233657453078 18.441480107719865   
114 1254 0.054817864249480194 4.970734638215011 18.15323242977634 1.8173402789970112e+01 18.28572156321963 18.42895431745052   
115 1265 0.0527831954309487 5.292398826541413 18.128952172742746 1.8128952172742746e+01 18.272161974090043 18.396452989447194   
116 1276 0.051004312253716606 5.340406615309065 18.128952172742746 1.8148015711504602e+01 18.243645711877427 18.395640269559436   
117 1287 0.0485033938834937 5.257771724323841 18.128952172742746 1.8191404987437544e+01 18.271304229200418 18.35405276051737   
118 1298 0.046297002971640286 5.392425378183472 18.128952172742746 1.8163901188228632e+01 18.252313254129184 18.30969763058399   
119 1309 0.04534719552523152 5.484372515528147 18.12091462867378 1.8120914628673781e+01 18.220996974390758 18.28960193090123   
120 1320 0.044369321705310966 5.486339497319322 18.12091462867378 1.8143013541266967e+01 18.20810888388943 18.244968614004208   
121 1331 0.043076041859229204 5.651178219094178 18.12091462867378 1.8139847103699786e+01 18.1816046761759 18.302305001525873   
122 1342 0.04164402451046063 5.527103206916354 18.119830674669117 1.8119830674669117e+01 18.194621505798153 18.395478552316135   
123 1353 0.036813637210995814 5.557329350931726 18.081939481878575 1.8081939481878575e+01 18.16614452219412 18.31886241307315   
124 1364 0.034171124853198204 5.6442046526444685 18.081939481878575 1.8106168756807296e+01 18.1489184287025 18.21798104779617   
125 1375 0.03238530464015017 5.520853107864502 18.081939481878575 1.8084418421163708e+01 18.13624873773685 18.219495316138442   
126 1386 0.032146543533975745 5.711372659821757 18.052247176557255 1.8052247176557255e+01 18.147322572119236 18.24094244854554   
127 1397 0.03241922362883642 5.772908449955512 18.052247176557255 1.8054837912598444e+01 18.119069819608637 18.15095123386833   
128 1408 0.030939235496911424 5.8238758712488 18.052247176557255 1.8065375691729784e+01 18.09485351909545 18.153621884931454   
129 1419 0.030105538771608546 5.897572534122017 18.04492097496189 1.8044920974961890e+01 18.121407807120864 18.1664499948814   
130 1430 0.029549327071701936 5.923440683929935 18.04492097496189 1.8049445287478509e+01 18.093591755969964 18.187008972042655   
131 1441 0.029566488535914173 5.8933743182032154 18.04492097496189 1.8051233963611498e+01 18.094039977244467 18.141838174930154   
132 1452 0.028232751235573332 6.011124300288886 18.037220784822004 1.8037220784822004e+01 18.111712778540074 18.13618829480185   
133 1463 0.026200345613985952 6.222722076762972 18.034980125662678 1.8034980125662678e+01 18.075661630046948 18.11953707213991   
134 1474 0.024677047959782733 6.228049410704671 18.034980125662678 1.8045620445964229e+01 18.093695432833687 18.122461713593424   
135 1485 0.02507379172234516 6.29832493513196 18.034980125662678 1.8040535300601846e+01 18.05527917188049 18.096190497416448   
136 1496 0.02530562192956899 6.44961766528505 18.016114765873382 1.8016114765873382e+01 18.074268923406443 18.124263663852854   
137 1507 0.025016075922447825 6.516800952308 18.016114765873382 1.8035091399291716e+01 18.059190104964507 18.141530721748627   
138 1518 0.025545476474725007 6.606451240460593 18.016114765873382 1.8037702030771136e+01 18.057966172933934 18.140292623443116   
139 1529 0.02668046344454237 6.76088585721951 18.016114765873382 1.8049588650376020e+01 18.084992124779994 18.13639120909828   
140 1540 0.025895899620300335 7.040216620903752 18.016114765873382 1.8034800341647109e+01 18.069315448757298 18.122504241296838   
141 1551 0.023895481857585388 7.262090041126465 18.016114765873382 1.8025025892841526e+01 18.07444201926993 18.12263387172473   
142 1562 0.023900884860113485 7.3517975838007485 18.016114765873382 1.8038668134714889e+01 18.058601292285196 18.170874501517428   
143 1573 0.021770458261578834 7.262167531502362 18.016114765873382 1.8024188001340775e+01 18.07365821933996 18.093700812559625   
144 1584 0.02030101438982894 7.237637216683325 18.016114765873382 1.8040932742112268e+01 18.052896406380487 18.113878730817248   
145 1595 0.019321592867254274 7.141605099880454 18.016114765873382 1.8024178698308958e+01 18.057252795716018 18.078781067619573   
146 1606 0.019738419424056398 7.086776571285614 18.016114765873382 1.8035610192965688e+01 18.05056003148991 18.092792738332637   
147 1617 0.01835234497024591 7.203136539611677 18.016114765873382 1.8030420974611921e+01 18.058251481839243 18.09647462469099   
148 1628 0.01669451967093848 7.158956239522515 18.009709687834658 1.8009709687834658e+01 18.04318668159337 18.084679119179604   
149 1639 0.015357593512353405 7.247140938848134 18.009709687834658 1.8018328541241836e+01 18.035197580005487 18.069594551812067   
150 1650 0.015100972715221183 7.609241114710292 18.009709687834658 1.8013024692130998e+01 18.035148596504982 18.0650522304581   
151 1661 0.01432216623778729 7.6683616718401995 18.009709687834658 1.8021435755060395e+01 18.033390140818295 18.04636814559133   
152 1672 0.014382251624292032 7.656637780975612 18.00953923294186 1.8009539232941862e+01 18.027916952835753 18.060364097388813   
153 1683 0.01409913160379788 8.178967722852045 18.007353102015678 1.8007353102015678e+01 18.02783636162753 18.043836452208996   
154 1694 0.01416076366139022 8.237068624055448 18.007353102015678 1.8010910071849754e+01 18.024235570247804 18.047002473349053   
155 1705 0.01309722933561975 8.878226158273671 18.006996570863205 1.8006996570863205e+01 18.021157615727255 18.034535417758992   
156 1716 0.011819230972992032 8.935734255705487 18.006996570863205 1.8007620532975913e+01 18.034810309613437 18.048714755464825   
157 1727 0.011050477225273967 8.846813186467493 18.006996570863205 1.8007638551690597e+01 18.021668260433138 18.04484601498218   
158 1738 0.010256336109121864 8.985700811942685 18.006996570863205 1.8015399735218839e+01 18.021202115840218 18.037287875661924   
159 1749 0.009299865047032231 8.894332547710382 18.00093305583389 1.8000933055833890e+01 18.019675302028723 18.031581125913302   
160 1760 0.008976846648199756 8.72504500650911 17.996089470797607 1.7996089470797607e+01 18.01185572464394 18.03902416358677   
161 1771 0.008645626311537242 8.797402708955337 17.996089470797607 1.7998800067689579e+01 18.011125126228965 18.02007489256953   
162 1782 0.008493120962564653 9.068948778791452 17.996089470797607 1.7999956369846778e+01 18.00998800349339 18.036782358077105   
163 1793 0.008620347355488117 8.977859210122054 17.996089470797607 1.7999118748557184e+01 18.009318495219745 18.013635521649114   
164 1804 0.007903747211154085 9.151037309614306 17.996089470797607 1.8004191123377481e+01 18.00782748686576 18.028119050396334   
165 1815 0.007649409229618188 9.236631308744627 17.996089470797607 1.8001069379293689e+01 18.012389775976057 18.02382670502498   
166 1826 0.007108816383242191 8.773692670101966 17.996089470797607 1.7998422404144449e+01 18.009479197756463 18.02621229102436   
167 1837 0.006432472625559678 8.82076274137066 17.996089470797607 1.8000779518278456e+01 18.01103905565991 18.02326751771036   
168 1848 0.00585878576787167 8.774478352161648 17.996089470797607 1.8000440642940667e+01 18.005425693531024 18.014937962289302   
169 1859 0.005456178502300464 8.717074882089948 17.995558869672113 1.7995558869672113e+01 18.006083370687392 18.016719029904102   
170 1870 0.005140502485747474 8.63316493705378 17.995558869672113 1.7995802883549072e+01 18.006084147211276 18.014291832658007   
171 1881 0.005208068540591012 8.782363602012445 17.995558869672113 1.7998087192780574e+01 18.002939463321415 18.019518823591874   
172 1892 0.004960108772638323 8.891961241731774 17.995558869672113 1.7996917713396471e+01 18.001613906442454 18.011621198380656   
173 1903 0.0047858728740433 8.721399352776949 17.995558869672113 1.7999084015724392e+01 18.00302193781734 18.006986934054055   
174 1914 0.004555340536543461 8.632725846929754 17.995558869672113 1.7996183215413520e+01 18.001910841399635 18.005912223678564   
175 1925 0.004292504392891842 8.582086156594546 17.995558869672113 1.7999219305517812e+01 18.00036888909724 18.00344404731364   
176 1936 0.0040420308774459365 8.674363109154967 17.995558869672113 1.7996858121316684e+01 18.00399927535242 18.010570369630933   
177 1947 0.0038059193745348698 8.692316158637441 17.995558869672113 1.7997153956875231e+01 18.002231255445608 18.008753490288633   
178 1958 0.003624683456076813 8.976527495313936 17.995558869672113 1.7995788690906515e+01 17.99931785363665 18.005974049921438   
179 1969 0.0035759511734711285 9.139297826959035 17.994934530896337 1.7994934530896337e+01 17.998740227563058 18.00694802209558   
180 1980 0.003628260580490882 9.195992350056429 17.994934530896337 1.7996722778906410e+01 18.002541579581163 18.00714606309176   
181 1991 0.003434207864585812 9.52226240004262 17.994934530896337 1.7996297065786393e+01 18.000416073603574 18.008672458682415   
182 2002 0.0034198566000598783 9.809601231250754 17.994386288724193 1.7994386288724193e+01 18.000230573662535 18.003044600579116   
183 2013 0.003363345300884373 10.088346613969243 17.994386288724193 1.7994715420860636e+01 17.996902908999797 18.000773500233592   
184 2024 0.003326823061091316 10.086862046149497 17.992335384839915 1.7992335384839915e+01 17.998269816559784 18.003327318420897   
185 2035 0.003523955894361405 10.491656209221222 17.992335384839915 1.7993676184651655e+01 17.995878001553997 18.005040797845517   
186 2046 0.0036758536997060715 10.833646313847085 17.992335384839915 1.7994474939925595e+01 17.99610947284787 17.998784041893167   
187 2057 0.003673819358111286 10.997353761086556 17.992335384839915 1.7995889544429371e+01 17.998779468801377 18.003452934847886   
188 2068 0.0037865876204013107 11.63466589867453 17.992335384839915 1.7994452964233268e+01 17.99854583649656 18.0062369311753   
189 2079 0.0036645770978235978 11.909276130274387 17.992335384839915 1.7996263694309533e+01 17.99845599095059 18.004461392229715   
190 2090 0.0034813017946669134 11.963103237808003 17.992335384839915 1.7995448043822549e+01 18.000188603356776 18.00577647750427   
191 2101 0.0032409578734704557 12.609418145815848 17.992335384839915 1.7996781155078690e+01 17.999523940735532 18.003617226666556   
192 2112 0.003076784312775629 12.900987032510907 17.992335384839915 1.7995221558958288e+01 17.998326931460078 18.001154216987967   
193 2123 0.002907637313702689 13.488442234146119 17.992335384839915 1.7994824662200450e+01 17.996540035413396 17.998019165922333   
194 2134 0.0028887122279523314 13.498531261772898 17.992335384839915 1.7995471107331539e+01 17.996897276510502 17.999619721271678   
195 2145 0.0027076967620873853 13.403268284731519 17.992335384839915 1.7995331854410768e+01 17.9986949933269 18.004536034027673   
196 2156 0.002668555721780013 13.518684372009591 17.992335384839915 1.7994345123978309e+01 17.99614586169809 17.998436914633636   
197 2167 0.002568499935851299 13.57195043270252 17.992335384839915 1.7994874653448505e+01 17.99643064538585 17.999230394275685   
198 2178 0.0025593879433015707 13.890582771874906 17.992335384839915 1.7995214476448410e+01 17.997008473380955 18.002942599396366   
199 2189 0.0024917865932372343 14.193197196703158 17.992335384839915 1.7994115278205530e+01 17.996590664740715 17.999035535877415   
200 2200 0.0026346833845304835 14.232225494160785 17.992335384839915 1.7994361633140034e+01 17.99632742046132 17.999729378077426   
201 2211 0.002773766151224752 14.90441902823202 17.992335384839915 1.7993582115098462e+01 17.996892463452543 17.999330773293142   
202 2222 0.002648145420737529 14.935456564834714 17.992335384839915 1.7995129108232106e+01 17.996929695965072 17.999084251433676   
203 2233 0.0024133785060505997 14.972474905777464 17.992335384839915 1.7994866079643643e+01 17.99685029074066 18.00081327872949   
204 2244 0.002426582039835139 14.929938457299508 17.992335384839915 1.7994434938093793e+01 17.996983464702215 18.00025428286911   
205 2255 0.0025215920014612014 15.588655198071596 17.992335384839915 1.7993543167594428e+01 17.99627013228354 18.00037949170939   
206 2266 0.002674050960873567 15.753131589026175 17.992335384839915 1.7993205263555204e+01 17.996495338278454 17.997892311147865   
207 2277 0.0026394074316808186 16.884393258022946 17.992335384839915 1.7994400733568604e+01 17.995661208965807 18.00251672381107   
208 2288 0.0025842846492215125 17.180257895933433 17.992335384839915 1.7994108112421745e+01 17.995178013166182 18.000430494825455   
209 2299 0.002477084575246419 17.157719757883402 17.992335384839915 1.7993270761634008e+01 17.994447128803 17.998780360558634   
210 2310 0.0022643792067890945 17.407234920133785 17.992335384839915 1.7993478068198318e+01 17.994662505064536 17.99826031249475   
211 2321 0.002106856761609152 17.314891216266094 17.992335384839915 1.7993057223754249e+01 17.995146291467083 17.99649885453608   
212 2332 0.002083509189044488 17.231293128172872 17.992335384839915 1.7993053258395484e+01 17.994308787157276 17.99562891477516   
213 2343 0.0020658738481163616 17.574814688735447 17.992238966477153 1.7992238966477153e+01 17.994500772151767 17.998388404636984   
214 2354 0.002014868713838655 18.106210442125086 17.991361871089342 1.7991361871089342e+01 17.99340136400433 17.994730063303194   
215 2365 0.0019709336109487974 18.302278952547297 17.991255138543462 1.7991255138543462e+01 17.99263742531926 17.9951123382671   
216 2376 0.0018967962078050918 18.527495482415702 17.991255138543462 1.7992115267819607e+01 17.99303373391826 17.995857181122453   
217 2387 0.0016498785470168817 18.467411895893743 17.991255138543462 1.7991494789182688e+01 17.99249002901884 17.995380875855375   
218 2398 0.0016269572395324844 18.848425014161243 17.99101504498636 1.7991015044986359e+01 17.99241510445573 17.993394906085936   
219 2409 0.0016355170789302178 18.72473307453092 17.99101504498636 1.7991153465598192e+01 17.992750672614527 17.993727357208364   
220 2420 0.001638451394031665 18.98074567403764 17.99101504498636 1.7991268843088704e+01 17.99193763770356 17.994071974247635   
221 2431 0.0015928343623629203 18.881433018445367 17.99101504498636 1.7991359200032736e+01 17.9918346893145 17.99372222156795   
222 2442 0.0016051743625050767 20.192669374949606 17.990439546590117 1.7990439546590117e+01 17.991134373576624 17.993693880783972   
223 2453 0.001502209226372605 20.472895921242323 17.990439546590117 1.7990924239556321e+01 17.99144659238179 17.992331608395205   
224 2464 0.0013634460283980289 20.0557645067344 17.990439546590117 1.7990940811656468e+01 17.991553439547175 17.993597759924874   
225 2475 0.001245412123537825 20.048253420756676 17.990439546590117 1.7990986841330162e+01 17.99175448774909 17.992899359877615   
226 2486 0.001098369341469528 20.135785452007973 17.990439546590117 1.7991235077793291e+01 17.991674154347805 17.9922489978305   
227 2497 0.0010285137336103313 19.51430140509195 17.990439546590117 1.7990679472921897e+01 17.99112498237994 17.992930002468206   
228 2508 0.0010242466286100058 19.754334787236083 17.990439546590117 1.7990578856007971e+01 17.991330246101708 17.992674429268938   
229 2519 0.0010514462874970038 19.756869090761136 17.990439546590117 1.7991062686266151e+01 17.991668920460683 17.9920466621   
230 2530 0.0010579493689407142 20.806796401540545 17.990439546590117 1.7990545653269127e+01 17.991217053356152 17.991877570974033   
231 2541 0.0010653099093516397 21.087728885736865 17.990439546590117 1.7990565747364528e+01 17.99125778462 17.992434772976583   
232 2552 0.0011113155445346857 21.901529036608103 17.990439546590117 1.7990625128713639e+01 17.991085671842406 17.991969997464356   
233 2563 0.0011220751123332312 22.24438183650032 17.990059864202138 1.7990059864202138e+01 17.991240800358458 17.99317204941144   
234 2574 0.0011767208023414604 22.2901912499074 17.990059864202138 1.7990060132071491e+01 17.990531719202334 17.991471214457277   
235 2585 0.0013042901203418312 22.460967522793677 17.989802367569755 1.7989802367569755e+01 17.990521558081923 17.991770725657418   
236 2596 0.001418866051209619 23.10217694473 17.989802367569755 1.7990240388071552e+01 17.990592968715895 17.991924348419417   
237 2607 0.0014571903480564662 22.496954752970165 17.989802367569755 1.7990113751837409e+01 17.99054737846535 17.99219857422562   
238 2618 0.0013633901709626 21.860107384074087 17.989802367569755 1.7989855559066370e+01 17.99074219361899 17.99244031289178   
239 2629 0.0013626143819834983 22.586660809016557 17.989802367569755 1.7989859502248397e+01 17.99078395601386 17.99210409973469   
240 2640 0.0013534145528334089 23.149115200176244 17.989802367569755 1.7990080201581378e+01 17.99042991935655 17.991164208864145   
241 2651 0.0013325447505966323 23.766385166048074 17.989802367569755 1.7989959204508533e+01 17.99113948261469 17.991970006768646   
242 2662 0.0012437932498804954 24.187265593865035 17.989802367569755 1.7989877548332416e+01 17.99058353775781 17.99180087286817   
243 2673 0.0011847659104475329 24.536270387483768 17.989630140864502 1.7989630140864502e+01 17.990406264037016 17.991555896521504   
244 2684 0.0011218729947429012 24.626583256336048 17.989630140864502 1.7989750920319100e+01 17.99011726851677 17.992303640842906   
245 2695 0.0011334605091308067 24.733046027249813 17.9894344231316 1.7989434423131598e+01 17.990288074831703 17.99085377945168   
246 2706 0.0011459400761837046 24.963749753995945 17.9894344231316 1.7989559919806062e+01 17.99002189104431 17.991223990870356   
247 2717 0.0011433829135835563 24.245647302592545 17.989308798584744 1.7989308798584744e+01 17.990073492665154 17.99254070697447   
248 2728 0.0010787509858457614 24.09666721203923 17.989308798584744 1.7989359935009624e+01 17.990100029478416 17.9912129445336   
249 2739 0.0010543453896299092 23.88081940150032 17.989308798584744 1.7989376279781332e+01 17.989808900231814 17.9916537821775   
250 2750 0.0009810306657986655 24.015052526420952 17.989308798584744 1.7989659016415779e+01 17.990134431266203 17.990752547408714   
251 2761 0.0009205103828760902 24.157666311433537 17.989308798584744 1.7989338421552368e+01 17.989966101669403 17.990728904402868   
252 2772 0.0009059088824267961 23.50250872463561 17.989308798584744 1.7989457993336323e+01 17.98997886073417 17.990848826854062   
253 2783 0.0008778248816405448 23.879305693900765 17.989308798584744 1.7989344209937734e+01 17.989972817462046 17.990951410230426   
254 2794 0.0008199224793397706 23.389124628095306 17.98917724566452 1.7989177245664521e+01 17.989769724878403 17.990376772146092   
255 2805 0.0007675882048547324 24.34665138109039 17.98917724566452 1.7989345802266229e+01 17.98983562287307 17.990444907791076   
256 2816 0.0007202916167612423 24.32308705685074 17.98917724566452 1.7989586657259739e+01 17.989836408399988 17.990831824389954   
257 2827 0.0006921286200443061 24.611550556039525 17.98917724566452 1.7989258527605447e+01 17.989482628000893 17.990279542150382   
258 2838 0.0006292265432357939 25.142389642568375 17.98917724566452 1.7989459177618162e+01 17.989684379170598 17.990675356368055   
259 2849 0.0005798505109324126 25.10184171104382 17.98917724566452 1.7989267558041668e+01 17.98952970805832 17.989916661715192   
260 2860 0.0005547169038798233 25.349178312984264 17.98917724566452 1.7989213527887241e+01 17.989450096773332 17.989832067727395   
261 2871 0.0005199908667961148 25.028252028796725 17.98910024541052 1.7989100245410519e+01 17.989490636538633 17.989821548509262   
262 2882 0.00047566823537975166 25.93465139029982 17.98910024541052 1.7989182685828972e+01 17.989424031200414 17.99037891598841   
263 2893 0.0004583410549073377 25.95585509683343 17.98910024541052 1.7989182003733671e+01 17.989432022402916 17.989981898850683   
264 2904 0.0004400814734343636 25.80879673986559 17.98910024541052 1.7989277195290185e+01 17.98952162286431 17.990003219143766   
265 2915 0.00042023505108279194 26.51376707939274 17.98910024541052 1.7989174999686323e+01 17.989344473621603 17.98960043173179   
266 2926 0.0004154212943023257 26.976876231988957 17.98910024541052 1.7989138940478881e+01 17.98930881610354 17.989638327658188   
267 2937 0.0004037384457372636 27.15708306502148 17.98910024541052 1.7989166553030419e+01 17.989287164696986 17.98956054288006   
268 2948 0.00041723415614545236 27.373562676943276 17.98910024541052 1.7989212077662327e+01 17.989312773561906 17.989610608069718   
269 2959 0.0003837314689767343 28.760121422614194 17.98910024541052 1.7989146877264677e+01 17.98925559341753 17.989365503870104   
270 2970 0.00034208763282059343 28.284433982027707 17.989084095038738 1.7989084095038738e+01 17.989207662102785 17.989865358864975   
271 2981 0.0003078124284657125 28.96021783338486 17.98902681466972 1.7989026814669721e+01 17.989130996867534 17.98934359509195   
272 2992 0.00028678873197466616 29.616679807014606 17.98902681466972 1.7989077657336487e+01 17.989141611971572 17.98935271811743   
273 3003 0.0002765457807631149 30.213147311505665 17.98902681466972 1.7989064961702841e+01 17.989140936492312 17.98931268215813   
274 3014 0.00026497460056005743 31.03913486858008 17.98902681466972 1.7989053659725428e+01 17.989107912887135 17.98945700605831   
275 3025 0.0002441668090784943 30.513682678823734 17.98894258993319 1.7988942589933188e+01 17.989140144870245 17.98938651928488   
276 3036 0.0002420429611876905 30.79787836758277 17.98894258993319 1.7988999811515683e+01 17.989081713476637 17.989230648528014   
277 3047 0.00022900363450296132 30.83135744843539 17.98894258993319 1.7989022544083525e+01 17.98912465342341 17.98925564599884   
278 3058 0.00021193281366920313 30.687600464490412 17.98894258993319 1.7989001081360154e+01 17.989042862657445 17.989349493854   
279 3069 0.00019357608834490042 30.910766453798562 17.98894222640022 1.7988942226400219e+01 17.98900742588892 17.989145342259796   
280 3080 0.00018245488192001697 30.660702558807802 17.98894222640022 1.7988963546435095e+01 17.988997953829106 17.989059814365636   
281 3091 0.00016570852143315537 29.876898242161644 17.988935308911245 1.7988935308911245e+01 17.98899768359576 17.989073229305266   
282 3102 0.00016726784786567865 29.67987055970994 17.988910223873546 1.7988910223873546e+01 17.98897480853166 17.98911219360363   
283 3113 0.00016576829145587802 29.423452057108136 17.988910223873546 1.7988943021885017e+01 17.988998069610094 17.989043656317907   
284 3124 0.00015954885540891777 29.200872914103336 17.988910223873546 1.7988931659892923e+01 17.988993164756213 17.989073308551614   
285 3135 0.00014869425993008036 29.22965451807469 17.98886761667579 1.7988867616675790e+01 17.988967296069628 17.989092880871237   
286 3146 0.0001455427971430332 29.739316898284624 17.98886761667579 1.7988920111054369e+01 17.98897523227393 17.989074323507076   
287 3157 0.00014143472727182167 29.348377204333147 17.98886761667579 1.7988899170113527e+01 17.98895201943926 17.989054920167217   
288 3168 0.00014814001499796473 29.75105334346303 17.98886761667579 1.7988909951601904e+01 17.988932806801614 17.989072658128364   
289 3179 0.0001470567002311003 29.147795392231544 17.98886761667579 1.7988907191308179e+01 17.988988360997322 17.989080091901638   
290 3190 0.00014008758358896042 29.066286763985453 17.98886761667579 1.7988918187267998e+01 17.988981541687643 17.989023248819137   
291 3201 0.00013274639535327471 29.43951771491156 17.98886761667579 1.7988913015759330e+01 17.988959587164008 17.989039026552042   
292 3212 0.00012822320778452936 29.432224597685888 17.98886761667579 1.7988898842105776e+01 17.98894760429684 17.989019459309972   
293 3223 0.00012277562754386221 28.674630458541152 17.98886761667579 1.7988890616812302e+01 17.988952079904678 17.98902708449266   
294 3234 0.00012034126095976564 28.671711050738185 17.98886761667579 1.7988909223520285e+01 17.9889593496101 17.98902556649672   
295 3245 0.00011888034907512456 28.767346179291565 17.98886761667579 1.7988869247747104e+01 17.98892648849935 17.988987649313792   
296 3256 0.0001072048116142883 28.285087776737857 17.98886761667579 1.7988888824089763e+01 17.988942599739133 17.98898376122037   
297 3267 0.00010052587468351517 28.650352989003533 17.98886761667579 1.7988874979361672e+01 17.9889030603186 17.988954088000245   
298 3278 9.598230857659492e-05 29.343031429706034 17.98886761667579 1.7988882732171263e+01 17.988917097228075 17.988955536208934   
299 3289 9.80353123598405e-05 29.567407535131657 17.98886761667579 1.7988870996952947e+01 17.98890144484321 17.98898757541805   
300 3300 9.129559221579436e-05 29.765931726471848 17.988856156581605 1.7988856156581605e+01 17.98889125766279 17.98892079248987   
301 3311 8.47379565168188e-05 30.205583744890962 17.98884829985914 1.7988848299859139e+01 17.988877664840516 17.9889322620687   
302 3322 8.356305493996917e-05 30.73350830515977 17.98884829985914 1.7988862678783502e+01 17.988882863839272 17.988903311120136   
303 3333 8.043351790382778e-05 31.40105539998704 17.988843129717655 1.7988843129717655e+01 17.988869496065405 17.98893225942268   
304 3344 8.132330936837832e-05 31.312558212214956 17.988843129717655 1.7988846938489981e+01 17.988876277829615 17.988893815430696   
305 3355 7.915498855610664e-05 31.290091118849634 17.98882688161323 1.7988826881613232e+01 17.9888542445811 17.988889816441052   
306 3366 7.60822174844225e-05 31.818566079839904 17.98882688161323 1.7988842217096490e+01 17.988867050127293 17.988888360047028   
307 3377 7.298789572530432e-05 32.506911051689386 17.98882688161323 1.7988838560597866e+01 17.98886948619583 17.98888901250483   
308 3388 6.443628253380026e-05 32.07875904386589 17.98882688161323 1.7988830220715933e+01 17.98885569073726 17.988920803946936   
309 3399 5.817954912791428e-05 32.41324453441976 17.98882688161323 1.7988836145702180e+01 17.988853740488366 17.988876037976112   
310 3410 5.279071001454895e-05 32.41433413001304 17.988824891285486 1.7988824891285486e+01 17.988841483034403 17.988869229354847   
311 3421 4.797642669400181e-05 31.61628310148268 17.988821183464044 1.7988821183464044e+01 17.988837395754665 17.98888292006844   
312 3432 4.6593138994132826e-05 31.819863033059544 17.988814964431413 1.7988814964431413e+01 17.98883148706629 17.98885378801   
313 3443 4.6991450430225377e-05 32.162629655455895 17.988814964431413 1.7988822229217483e+01 17.98882820786871 17.988845743868325   
314 3454 4.7756545527495364e-05 33.32136855085323 17.988814749645293 1.7988814749645293e+01 17.988827552214126 17.98884619481496   
315 3465 4.605475005950989e-05 34.61845648466041 17.988814749645293 1.7988816113087637e+01 17.988830398187453 17.98885947933247   
316 3476 4.7062543351216014e-05 35.43288483972839 17.988814749645293 1.7988826279944966e+01 17.988837064333584 17.98885229336438   
317 3487 4.9018677216056376e-05 34.88051456575279 17.988814749645293 1.7988827812345761e+01 17.98883408739855 17.988855055696263   
318 3498 4.800963007344029e-05 35.695929840476 17.988814749645293 1.7988828081495775e+01 17.988835653995174 17.988856489498847   
319 3509 4.614133829693912e-05 36.09435455306876 17.988814749645293 1.7988822043574679e+01 17.988834050898035 17.98886168452801   
320 3520 4.691872206146492e-05 36.3253512926952 17.988814749645293 1.7988820455797839e+01 17.98883988643613 17.988860117601646   
321 3531 4.682359168484934e-05 35.923749882973816 17.988814749645293 1.7988828361316752e+01 17.988834146558236 17.988864484044022   
322 3542 4.47003909603814e-05 37.573744227759605 17.988814749645293 1.7988820870335385e+01 17.988832447339483 17.988866143364874   
323 3553 4.3466316431181354e-05 37.785405192832926 17.988814749645293 1.7988826277712032e+01 17.988840386438365 17.988864666002918   
324 3564 4.146232936948613e-05 38.569528309625284 17.988814749645293 1.7988826964274431e+01 17.988841886696413 17.98885105109278   
325 3575 4.0063127581402026e-05 40.58893360904761 17.988814749645293 1.7988818848536500e+01 17.98884009652789 17.988849770105702   
326 3586 3.906501659799918e-05 39.85130111246016 17.988814749645293 1.7988818781644500e+01 17.988832843465225 17.98884105105873   
327 3597 3.7008551545804276e-05 41.12063188945273 17.988814749645293 1.7988819249383770e+01 17.988833047063242 17.988851745613047   
328 3608 3.436447687573386e-05 41.33791385643432 17.988813796736277 1.7988813796736277e+01 17.988832747739345 17.988843342692782   
329 3619 3.3939258177696224e-05 40.75404182956418 17.988813796736277 1.7988818328662163e+01 17.98882179139806 17.98884905935097   
330 3630 3.262584643798334e-05 42.40845551871714 17.98881237515556 1.7988812375155561e+01 17.98882221968181 17.988858748907486   
331 3641 3.208519056699344e-05 43.1666051206034 17.988811887380276 1.7988811887380276e+01 17.988820564995684 17.98882675779526   
332 3652 3.0515003459514324e-05 43.49575015887669 17.988805974639302 1.7988805974639302e+01 17.98882061505635 17.98884678635207   
333 3663 2.786491042976152e-05 45.314602490721185 17.988805974639302 1.7988812993379938e+01 17.988821210498436 17.98884432220346   
334 3674 2.5363954037854394e-05 46.483961815259235 17.988805974639302 1.7988808198504135e+01 17.988820812358597 17.988835452155218   
335 3685 2.4124475839868154e-05 46.124068429055214 17.988805974639302 1.7988806364630339e+01 17.988811463013274 17.988832633038783   
336 3696 2.4848544384286862e-05 47.32165326629591 17.988805974639302 1.7988807125386671e+01 17.98882180169581 17.988825071037134   
337 3707 2.645279380622502e-05 48.7444461006806 17.988805974639302 1.7988809692323546e+01 17.988814071692186 17.988823671736856   
338 3718 2.8236996326699544e-05 52.48933027757131 17.988805974639302 1.7988808409517667e+01 17.988812894331808 17.98882084963133   
339 3729 2.887400927476641e-05 55.39667741969293 17.988805974639302 1.7988812042613638e+01 17.988815166280016 17.988825045737173   
340 3740 3.001316138524619e-05 54.196760371173184 17.988805974639302 1.7988810510690868e+01 17.98881716176093 17.988830904044235   
341 3751 2.730270380385238e-05 55.91640365580421 17.988805874593744 1.7988805874593744e+01 17.988815477540804 17.98883036933599   
342 3762 2.503070650354709e-05 56.38097615619848 17.988805874593744 1.7988806503749036e+01 17.988818980656855 17.98883761831652   
343 3773 2.245381564125254e-05 56.998619872549966 17.988803964039672 1.7988803964039672e+01 17.98881478575788 17.98882817801946   
344 3784 2.1271826699200232e-05 57.19792840644127 17.988803964039672 1.7988806963324514e+01 17.988811755945274 17.988814541140343   
345 3795 2.059194568000529e-05 57.57526355798384 17.988803699783823 1.7988803699783823e+01 17.988809969453172 17.98882015275924   
346 3806 2.1106835301569684e-05 60.08091858068155 17.988803699783823 1.7988807100275118e+01 17.988809382169528 17.988816189430707   
347 3817 1.9120047216493177e-05 64.44771383860977 17.988803699783823 1.7988803876499365e+01 17.98881087153646 17.98881527602238   
348 3828 1.7807560020488117e-05 65.64168607101858 17.988802689867224 1.7988802689867224e+01 17.98881060335779 17.988813209127823   
349 3839 1.7909863933619896e-05 66.4693768167084 17.988801721656884 1.7988801721656884e+01 17.988805933970145 17.988815349245577   
350 3850 1.8623462682445716e-05 65.82085006475253 17.988801721656884 1.7988802907303015e+01 17.988805731516464 17.988808965056332   
351 3861 1.8745689808255656e-05 67.21213171670239 17.988801721656884 1.7988802334348158e+01 17.988809279451857 17.98881551837144   
352 3872 1.82988881582755e-05 68.95295563403424 17.988801721656884 1.7988803566147435e+01 17.988808748326292 17.988813851299597   
353 3883 1.874667869016503e-05 68.77511214471092 17.988801721656884 1.7988803565241216e+01 17.98880796646951 17.988813248967816   
354 3894 1.7381815958683556e-05 67.60586619634557 17.988801721656884 1.7988805029262853e+01 17.98880931051648 17.98881508690698   
355 3905 1.563449908274722e-05 67.21229147942167 17.988801721656884 1.7988802818211422e+01 17.988808018578897 17.988812936027916   
356 3916 1.5283647674484678e-05 69.7207140537811 17.9888005297492 1.7988800529749199e+01 17.988806334529848 17.98880928602096   
357 3927 1.4511597785576272e-05 69.28392050743155 17.9888005297492 1.7988803591842725e+01 17.98880556363668 17.988816433097043   
358 3938 1.2958637397898546e-05 69.24450412810977 17.9888005297492 1.7988801734873263e+01 17.98880601523188 17.988809555771866   
359 3949 1.2049175899833664e-05 69.93473653862404 17.9888005297492 1.7988800689463861e+01 17.988804312885925 17.988809493646368   
360 3960 1.1759008376750543e-05 69.81286012030807 17.9888005297492 1.7988801147282661e+01 17.988803742615467 17.988808780645833   
361 3971 1.1440685999532865e-05 68.98977329342506 17.9888005297492 1.7988802005326750e+01 17.98880350716116 17.988806718127993   
362 3982 1.1256458758286993e-05 71.20707046358913 17.988799433645667 1.7988799433645667e+01 17.988804208450354 17.988807603682304   
363 3993 1.103089625507964e-05 71.45085102961772 17.988799433645667 1.7988802017909915e+01 17.988803262287 17.988808480255077   
364 4004 1.0178071704924308e-05 68.31300610894039 17.988799433645667 1.7988801812197277e+01 17.98880335620217 17.98880811630672   
365 4015 1.0098431284239176e-05 68.05918251982523 17.988799433645667 1.7988801979959394e+01 17.988804428893708 17.98880633047253   
366 4026 1.0246475948512586e-05 69.4564828559522 17.988799433645667 1.7988801194145374e+01 17.988802562962242 17.98880652362889   
367 4037 1.0087699437897942e-05 68.86462128535626 17.988799433645667 1.7988801654033260e+01 17.98880267456049 17.988810692636118   
368 4048 9.641295191897784e-06 70.48056902205853 17.988799433645667 1.7988801042337887e+01 17.988803533289175 17.988807585586017   
369 4059 8.595211665594923e-06 72.45430900257426 17.988799433645667 1.7988800902366624e+01 17.98880197513054 17.988803473388337   
370 4070 7.912329645749914e-06 71.92557398754309 17.988799433645667 1.7988800072011333e+01 17.988801305420495 17.988805679348367   
371 4081 7.733868140826036e-06 71.64597205289543 17.988799433645667 1.7988800297832668e+01 17.98880096959955 17.988804398415002   
372 4092 7.827810343267028e-06 73.13447419354844 17.98879908839278 1.7988799088392781e+01 17.988801352744854 17.988802137599194   
373 4103 7.735991894366626e-06 72.38366860996508 17.98879908839278 1.7988800548304436e+01 17.988801942833355 17.988806234142373   
374 4114 7.760424734003953e-06 72.29550048393618 17.98879908839278 1.7988799618980114e+01 17.988801423139126 17.98880413857172   
375 4125 7.639449874209436e-06 74.3166056418066 17.98879908839278 1.7988800588111935e+01 17.98880147347574 17.98880613812745   
376 4136 7.568831123730884e-06 75.62625412427022 17.98879908839278 1.7988800034895938e+01 17.98880223739256 17.988804270755153   
377 4147 7.106463150187969e-06 75.74073030051944 17.988799080872514 1.7988799080872514e+01 17.988800228624626 17.98880699686655   
378 4158 6.381612944729252e-06 77.53567402592768 17.988799080872514 1.7988799317970276e+01 17.98880098789299 17.98880180241213   
379 4169 5.791028852417219e-06 78.20825623906927 17.98879878904163 1.7988798789041631e+01 17.98880041422374 17.98880235614554   
380 4180 5.490834104127247e-06 80.0424725601426 17.98879878904163 1.7988799366604084e+01 17.98880018718464 17.988801335167537   
381 4191 5.28320768505979e-06 79.10173549804472 17.98879878904163 1.7988798823989683e+01 17.988799776862045 17.988801487475886   
382 4202 5.194451251558863e-06 80.87121977041588 17.988798785579938 1.7988798785579938e+01 17.98879971099772 17.988801921810904   
383 4213 4.638936835246517e-06 81.45481121740221 17.988798720448006 1.7988798720448006e+01 17.988799460099386 17.98880067716729   
384 4224 4.368032237645695e-06 81.09304582574386 17.988798345979454 1.7988798345979454e+01 17.98879968244831 17.988800188245058   
385 4235 4.4423446910786456e-06 85.15453455811955 17.98879827634279 1.7988798276342791e+01 17.988799063419762 17.98880177634462   
386 4246 4.277153837423535e-06 84.89840237979907 17.988797862916687 1.7988797862916687e+01 17.988799001409205 17.988799594518905   
387 4257 4.09504268877215e-06 85.00140749475392 17.988797862916687 1.7988798513085232e+01 17.98879894226138 17.988801287997298   
388 4268 3.946683885034126e-06 87.2785963150852 17.988797862916687 1.7988798097065718e+01 17.988798989824588 17.988800351280105   
389 4279 3.5818315187836007e-06 86.7625464024714 17.988797862916687 1.7988798408483845e+01 17.98879887608476 17.98879965031851   
390 4290 3.400398133384664e-06 88.15978574416371 17.988797862916687 1.7988798148764225e+01 17.98879873230728 17.988799469524224   
391 4301 3.225622276136605e-06 87.48784847578334 17.988797862916687 1.7988798546899847e+01 17.98879878506944 17.988799402062448   
392 4312 2.9295621077440356e-06 88.20831218867741 17.988797862916687 1.7988798110606034e+01 17.988798604591633 17.98879952831073   
393 4323 2.715087091247059e-06 91.7312524491335 17.988797862916687 1.7988798025311517e+01 17.98879868116777 17.988799746204492   
394 4334 2.4557194633015467e-06 93.52344836478626 17.98879767131951 1.7988797671319510e+01 17.9887986291866 17.98879880518821   
395 4345 2.346617397461505e-06 94.24159715873496 17.98879767131951 1.7988797679798868e+01 17.988798304834344 17.988798676458305   
396 4356 2.348830272822442e-06 96.47216371050267 17.98879764647582 1.7988797646475820e+01 17.98879805582715 17.9887988980073   
397 4367 2.5697764196326773e-06 95.98753228671131 17.98879764647582 1.7988797818221123e+01 17.98879824095366 17.988798329671717   
398 4378 2.6950488915940742e-06 95.63742091449203 17.98879764647582 1.7988797714421107e+01 17.9887984765907 17.98879901129314   
399 4389 2.6849835832248766e-06 96.72029501599906 17.98879764647582 1.7988798074143382e+01 17.98879862703345 17.98879898198159   
400 4400 2.622033313732188e-06 98.15404833019417 17.98879764647582 1.7988798161893492e+01 17.988798312172463 17.988799032296654   
401 4411 2.688424719267542e-06 101.66572454060703 17.98879764647582 1.7988798191688822e+01 17.988798638053893 17.98879936854265   
402 4422 2.4541618113937714e-06 104.06917887988389 17.98879764647582 1.7988798144070181e+01 17.988798570635836 17.988799289146193   
403 4433 2.2766813082550426e-06 104.10662926380249 17.98879764647582 1.7988798111828679e+01 17.98879841590258 17.988798746216837   
404 4444 2.0446361219941345e-06 103.87469160273946 17.98879764647582 1.7988797804838210e+01 17.988798606058797 17.988799226211192   
405 4455 1.9467841316713336e-06 105.28550726346266 17.98879764647582 1.7988797791725624e+01 17.988798343421664 17.988799107258217   
406 4466 2.0115399387250043e-06 108.04684092499043 17.98879764647582 1.7988797754974605e+01 17.988798259492693 17.988798704831453   
407 4477 2.1152718102702623e-06 109.25533864821121 17.98879764647582 1.7988797720980102e+01 17.988798087902776 17.988798223064705   
408 4488 2.0385779626200905e-06 109.15561884107773 17.98879764647582 1.7988797735398201e+01 17.98879803267469 17.98879861009298   
409 4499 1.9453067261653682e-06 108.95505074277871 17.98879764647582 1.7988797817690426e+01 17.988798184375305 17.988798654274067   
410 4510 1.83455503245735e-06 107.92161075086211 17.98879764647582 1.7988797669796412e+01 17.98879794624709 17.98879846213179   
411 4521 1.8252975638826478e-06 104.950808560348 17.98879764647582 1.7988797648404692e+01 17.98879803375254 17.988798459528045   
412 4532 1.793778765707278e-06 105.049535835689 17.98879764647582 1.7988797680287995e+01 17.988798066818486 17.988798531215448   
413 4543 1.7504409596988363e-06 107.86864777176534 17.98879764647582 1.7988797774028537e+01 17.988797976750018 17.988798222125283   
414 4554 1.616349944579885e-06 109.05406033784914 17.98879764647582 1.7988797744784186e+01 17.988797957539603 17.988798637218114   
415 4565 1.5551781065998098e-06 111.30376239291613 17.988797582014755 1.7988797582014755e+01 17.988797889596427 17.988798065329462   
416 4576 1.449847427216446e-06 114.27987606148446 17.98879749396853 1.7988797493968530e+01 17.988797780158073 17.98879811931072   
417 4587 1.4261029452778918e-06 115.25969582872848 17.98879749396853 1.7988797557309020e+01 17.988797757575696 17.98879802204185   
418 4598 1.2796172059909858e-06 116.28381464547381 17.98879746252591 1.7988797462525909e+01 17.98879778365979 17.988798117287086   
419 4609 1.2152887838372e-06 119.00557703371082 17.98879746252591 1.7988797624125706e+01 17.988797723752995 17.988798044361904   
420 4620 1.0948412351610818e-06 121.15507125067096 17.98879746252591 1.7988797600177573e+01 17.988797746414665 17.988797980572723   
421 4631 1.0587047955334214e-06 120.74855439495923 17.98879746252591 1.7988797501564758e+01 17.988797634653395 17.98879791114893   
422 4642 1.065144224429176e-06 121.3116352154619 17.98879746252591 1.7988797465756438e+01 17.98879767734136 17.98879793865612   
423 4653 1.0964253761967924e-06 124.12549999114991 17.98879746252591 1.7988797463767487e+01 17.98879775370841 17.988797885488147   
424 4664 1.0488183281832151e-06 123.14987583312755 17.98879746252591 1.7988797572664371e+01 17.9887976877496 17.988798099299423   
425 4675 1.0367088199728195e-06 121.58584668738908 17.98879746252591 1.7988797577112226e+01 17.988797682663957 17.9887980318834   
426 4686 9.709397833321797e-07 122.51268490429865 17.988797438137798 1.7988797438137798e+01 17.988797642393934 17.988797879516355   
427 4697 9.59522577772526e-07 121.9200661406705 17.988797438137798 1.7988797517035600e+01 17.988797554952264 17.98879763082249   
428 4708 9.360317459658048e-07 123.78044283055218 17.988797438137798 1.7988797506741328e+01 17.988797643129786 17.988797894494134   
429 4719 8.883521825167364e-07 124.36425598244945 17.988797438137798 1.7988797539780286e+01 17.98879767277242 17.988797840731763   
430 4730 8.082164440510696e-07 125.48605813641663 17.988797438137798 1.7988797467648830e+01 17.988797616843446 17.988797720212233   
431 4741 7.547859855473147e-07 127.44037812012218 17.988797438137798 1.7988797455614396e+01 17.988797570296956 17.988797730027414   
432 4752 7.486690719027671e-07 127.88265616753812 17.988797438137798 1.7988797464661861e+01 17.988797566673977 17.98879766377346   
433 4763 7.325829775290596e-07 125.03746484079873 17.988797438137798 1.7988797475646656e+01 17.988797563028484 17.98879768534263   
434 4774 6.966520889238469e-07 124.00533578850549 17.98879743486023 1.7988797434860231e+01 17.988797528461582 17.98879794022452   
435 4785 6.265978604186013e-07 127.27790549855798 17.98879741755673 1.7988797417556729e+01 17.98879748847828 17.988797725662064   
436 4796 5.850751718882593e-07 125.64321474672484 17.988797394203814 1.7988797394203814e+01 17.98879751184735 17.98879773027212   
437 4807 5.779603663893125e-07 128.51911468777107 17.988797385194037 1.7988797385194037e+01 17.988797439493673 17.98879757942084   
438 4818 5.462640750675904e-07 128.31178536345848 17.988797375219857 1.7988797375219857e+01 17.98879742038643 17.98879753345122   
439 4829 5.285892748960031e-07 126.59238487658024 17.988797374613437 1.7988797374613437e+01 17.988797439658917 17.98879754759578   
440 4840 4.949212430159257e-07 124.32229070072589 17.988797374613437 1.7988797400554542e+01 17.988797439077224 17.98879755629078   
441 4851 4.700085526176059e-07 129.26571329514937 17.988797366861597 1.7988797366861597e+01 17.988797438389444 17.988797512366197   
442 4862 4.935097080259603e-07 132.2422748544148 17.988797366861597 1.7988797401714123e+01 17.988797430714175 17.988797474701993   
443 4873 5.115135549385514e-07 140.7708253358571 17.988797366861597 1.7988797395465543e+01 17.988797474169772 17.98879754959868   
444 4884 5.051823970279892e-07 147.0954688703883 17.988797366861597 1.7988797403898367e+01 17.988797467234544 17.98879755569072   
445 4895 4.595693596525939e-07 148.8329930067262 17.988797366861597 1.7988797402713594e+01 17.988797450447255 17.98879757109678   
446 4906 4.4746963567397535e-07 151.73228335060588 17.988797366861597 1.7988797376952817e+01 17.98879741465607 17.988797518046983   
447 4917 4.3101654028175635e-07 155.21902371989876 17.98879736496501 1.7988797364965009e+01 17.988797408547732 17.988797459691   
448 4928 4.093665881065071e-07 156.59603416659508 17.98879736496501 1.7988797365804096e+01 17.988797401779017 17.98879743848306   
449 4939 4.1719645271772574e-07 157.31148938541477 17.98879736496501 1.7988797377153574e+01 17.988797417683557 17.98879749877947   
450 4950 4.1416371230992667e-07 157.54480940867822 17.988797351118574 1.7988797351118574e+01 17.988797420236644 17.988797554914584   
451 4961 3.747353578929022e-07 157.6476024799753 17.988797351118574 1.7988797375634416e+01 17.98879741968804 17.988797483731435   
452 4972 3.515443884223589e-07 157.92542255680357 17.988797351118574 1.7988797361629519e+01 17.98879738975741 17.988797414306113   
453 4983 3.1718460751214055e-07 160.30655677031012 17.98879733044468 1.7988797330444680e+01 17.988797385662714 17.9887974689275   
454 4994 2.943499639592703e-07 160.68984651478806 17.98879733044468 1.7988797348059663e+01 17.988797384190626 17.988797442288337   
455 5005 3.0066999483039567e-07 161.4539250791801 17.98879733044468 1.7988797352864513e+01 17.988797365687958 17.98879742790512   
456 5016 2.8893627158470316e-07 158.41163688222306 17.98879733044468 1.7988797344725917e+01 17.988797361904822 17.988797405116188   
457 5027 2.778280846391438e-07 160.42238143315666 17.98879733044468 1.7988797353247207e+01 17.988797374535473 17.988797447284217   
458 5038 2.631337701495091e-07 159.10692445024398 17.98879733044468 1.7988797344162165e+01 17.988797407100684 17.988797440291787   
459 5049 2.553894500020169e-07 161.08427363749556 17.98879733044468 1.7988797343459915e+01 17.98879736318974 17.98879742123142   
460 5060 2.417882750310539e-07 169.4643249951904 17.98879732471569 1.7988797324715691e+01 17.98879737983211 17.98879744833429   
461 5071 2.1620258926178034e-07 169.61626882209129 17.98879732471569 1.7988797340546085e+01 17.988797363188166 17.988797396189653   
462 5082 2.0114617181057414e-07 171.41226676292456 17.98879732471569 1.7988797339009210e+01 17.988797353634286 17.98879738384787   
463 5093 1.8476399073906252e-07 172.6934062048026 17.98879732471569 1.7988797332032657e+01 17.988797358595967 17.988797381630455   
464 5104 1.7231446649332187e-07 175.4737600503771 17.98879732471569 1.7988797329175107e+01 17.988797338594356 17.988797352362816   
465 5115 1.603068484487769e-07 179.3036891194936 17.98879732471569 1.7988797327784713e+01 17.98879735336532 17.988797365909907   
466 5126 1.5903479139693026e-07 180.90118620586045 17.98879732471569 1.7988797326959119e+01 17.988797335940472 17.98879736511156   
467 5137 1.4805083018470993e-07 180.05252569423675 17.98879732471569 1.7988797325340123e+01 17.988797340615037 17.988797367807184   
468 5148 1.461946460701577e-07 188.0518414357643 17.98879732471569 1.7988797326253273e+01 17.98879733842554 17.988797351473938   
469 5159 1.5168707942734074e-07 187.45028567118186 17.988797315282106 1.7988797315282106e+01 17.98879732934413 17.98879733822048   
470 5170 1.4045839495415948e-07 188.18130482469945 17.988797315282106 1.7988797322805947e+01 17.988797337538813 17.988797382351382   
471 5181 1.3268257481307268e-07 186.61478367527272 17.988797315282106 1.7988797322624521e+01 17.988797333372013 17.988797357789323   
472 5192 1.2366999657287107e-07 192.3991185198778 17.988797315282106 1.7988797317427931e+01 17.98879733448471 17.988797357370213   
473 5203 1.202841701523626e-07 192.2407777648272 17.988797315282106 1.7988797320831573e+01 17.98879733130842 17.988797342875387   
474 5214 1.1755705682372194e-07 200.11449656750773 17.988797315282106 1.7988797321588251e+01 17.988797328917297 17.988797347804983   
475 5225 1.072949978898822e-07 209.13659770285082 17.988797315282106 1.7988797319069668e+01 17.988797332792053 17.988797352615602   
476 5236 9.87449190453409e-08 209.92723927511074 17.988797315282106 1.7988797321239705e+01 17.988797329887397 17.98879734509034   
477 5247 8.802018160933106e-08 210.30534977359954 17.988797315282106 1.7988797316049869e+01 17.9887973319885 17.988797342994232   
478 5258 8.143925158106536e-08 213.80878772890478 17.988797314788783 1.7988797314788783e+01 17.988797321146002 17.988797331368687   
479 5269 8.061542350710083e-08 215.06515942119916 17.98879730902621 1.7988797309026211e+01 17.98879732021139 17.988797334774734   
480 5280 8.038819753515258e-08 219.36412308271204 17.9887973082567 1.7988797308256700e+01 17.988797320230592 17.988797338832402   
481 5291 8.108031602942471e-08 219.3878161686321 17.9887973082567 1.7988797313915345e+01 17.98879731601525 17.988797324490186   
482 5302 8.036187886969982e-08 226.99223263161116 17.9887973082567 1.7988797312869988e+01 17.988797316659557 17.988797326863537   
483 5313 7.802452445828342e-08 227.1906572902758 17.9887973082567 1.7988797313272567e+01 17.98879732323976 17.988797328208356   
484 5324 7.355900148998373e-08 226.50748886393484 17.9887973082567 1.7988797309726131e+01 17.988797316763552 17.988797329104543   
485 5335 7.503028485419152e-08 230.79707711223992 17.9887973082567 1.7988797309721853e+01 17.98879731625611 17.98879732413143   
486 5346 7.188471331534212e-08 248.56310932987634 17.98879730795871 1.7988797307958709e+01 17.98879731531715 17.988797321781078   
487 5357 7.199584481762365e-08 256.0634683988243 17.98879730790777 1.7988797307907770e+01 17.988797313815795 17.98879732772901   
488 5368 6.949986135327095e-08 270.92249537410686 17.98879730790777 1.7988797309715537e+01 17.98879731546176 17.988797323240423   
489 5379 6.82313492599126e-08 274.63430161856957 17.988797306948026 1.7988797306948026e+01 17.988797313737233 17.98879732402311   
490 5390 6.655320243634811e-08 276.3865273175103 17.988797306948026 1.7988797307017634e+01 17.988797312524003 17.988797324716508   
491 5401 7.092472269809527e-08 276.499435483287 17.988797306948026 1.7988797307529349e+01 17.98879731307796 17.988797322763652   
492 5412 7.212263237149518e-08 275.3590937383233 17.988797305246933 1.7988797305246933e+01 17.988797309988968 17.988797321846896   
493 5423 7.161439658927701e-08 276.6496737828229 17.988797302125526 1.7988797302125526e+01 17.988797310673935 17.988797322257035   
494 5434 6.739267096287884e-08 276.9676885262095 17.988797302125526 1.7988797306050571e+01 17.988797310991547 17.988797317170622   
495 5445 6.599029323968059e-08 278.853909279743 17.988797302125526 1.7988797307936974e+01 17.98879731349955 17.98879732247657   
496 5456 6.467487436732298e-08 279.6635784133803 17.988797302125526 1.7988797305537158e+01 17.988797314465746 17.988797330754075   
497 5467 6.555895577088767e-08 275.6937876791152 17.988797302125526 1.7988797308145756e+01 17.988797310511444 17.9887973221943   
498 5478 6.58970161983783e-08 275.80005083241645 17.988797302125526 1.7988797308889392e+01 17.988797311291563 17.988797320549363   
499 5489 6.477626780270174e-08 281.7367541129587 17.988797302125526 1.7988797306902661e+01 17.98879731191957 17.988797321284622   
500 5500 5.987542485534963e-08 286.75652925556426 17.988797302125526 1.7988797304650681e+01 17.988797310449186 17.988797318635264   
501 5511 5.537969464132997e-08 275.94175677058126 17.988797302125526 1.7988797306216473e+01 17.988797309772867 17.988797315268954   
502 5522 5.284797864071486e-08 276.11221991743076 17.988797302125526 1.7988797305839778e+01 17.988797309659574 17.98879731385477   
503 5533 4.9771367781448785e-08 279.39123331985815 17.988797302125526 1.7988797304079526e+01 17.98879730783228 17.988797316148272   
504 5544 4.826108281271609e-08 286.6343084762634 17.988797302125526 1.7988797302383134e+01 17.988797308397274 17.988797313528075   
505 5555 4.560872846543395e-08 283.87298877225555 17.988797302125526 1.7988797303668644e+01 17.9887973067394 17.988797311216782   
506 5566 4.3502392746268916e-08 284.9715332106594 17.988797302125526 1.7988797303178018e+01 17.988797308041818 17.988797312030407   
507 5577 4.126711341316592e-08 285.88526668285465 17.988797302125526 1.7988797302740426e+01 17.9887973063203 17.988797323927948   
508 5588 4.0596666262583855e-08 277.4965700448585 17.988797302125526 1.7988797303490376e+01 17.988797305891765 17.98879730767324   
509 5599 4.116637525188989e-08 277.9070959839284 17.988797301842247 1.7988797301842247e+01 17.988797304110214 17.988797310064257   
510 5610 3.986815996509077e-08 281.1737345125797 17.988797301842247 1.7988797303314431e+01 17.988797305573616 17.988797310211652   
511 5621 3.56958937202533e-08 281.5581554912591 17.988797301842247 1.7988797302385926e+01 17.98879730697889 17.98879731253105   
512 5632 3.20348164492042e-08 280.9435930774822 17.98879730156461 1.7988797301564610e+01 17.988797304408866 17.988797308074286   
513 5643 2.924375365769255e-08 281.7515759936059 17.9887973006307 1.7988797300630701e+01 17.98879730304505 17.988797309112385   
514 5654 2.7786412015668442e-08 278.02964750628473 17.9887973006307 1.7988797300773555e+01 17.988797303554858 17.98879730814461   
515 5665 2.8003893265057017e-08 276.99486925306377 17.9887973006307 1.7988797301813158e+01 17.988797302801235 17.98879730492649   
516 5676 2.8353156204346026e-08 289.14828640300425 17.9887973006307 1.7988797301958385e+01 17.988797303361384 17.98879730572085   
517 5687 2.5883678840898287e-08 290.1474089301078 17.988797300208624 1.7988797300208624e+01 17.98879730406422 17.988797307945795   
518 5698 2.272897517621623e-08 299.0583914930826 17.988797300208624 1.7988797300352850e+01 17.988797303345237 17.988797305376536   
519 5709 2.1746946269784214e-08 304.4552220207058 17.988797300208624 1.7988797300223251e+01 17.988797302584786 17.988797303767406   
520 5720 2.1038166534817853e-08 309.349613712401 17.9887972994425 1.7988797299442499e+01 17.98879730182511 17.988797302750953   
521 5731 2.1634281371943788e-08 307.03572594809424 17.9887972994425 1.7988797299724723e+01 17.988797301230075 17.988797303531094   
522 5742 2.1796938202991568e-08 312.2496722900929 17.9887972994425 1.7988797299856774e+01 17.98879730095777 17.98879730240116   
523 5753 2.203156827030377e-08 313.9236912063869 17.9887972994425 1.7988797300732134e+01 17.988797301730763 17.988797305143713   
524 5764 2.1075175649209975e-08 321.9171748608853 17.9887972994425 1.7988797299945688e+01 17.988797301621737 17.988797305359178   
525 5775 1.9940663849240578e-08 326.11536840791194 17.9887972994425 1.7988797299997174e+01 17.988797300976287 17.988797302365523   
526 5786 1.9362135161902402e-08 328.1054263836368 17.9887972994425 1.7988797300182647e+01 17.988797301493513 17.9887973074286   
527 5797 1.9225784322616357e-08 328.93076825366484 17.9887972994425 1.7988797300002673e+01 17.98879730230854 17.98879730720801   
528 5808 1.8885605077709126e-08 331.28824511491086 17.9887972994425 1.7988797299758509e+01 17.98879730207367 17.988797304531957   
529 5819 1.910070249507151e-08 326.75691467268183 17.9887972994425 1.7988797299763082e+01 17.98879730152629 17.988797304251293   
530 5830 2.0332556908185455e-08 317.53171546985436 17.9887972994425 1.7988797300334038e+01 17.988797300879458 17.988797304213787   
531 5841 2.04213092849009e-08 323.7709692891974 17.9887972994425 1.7988797300625176e+01 17.988797301257407 17.98879730492442   
532 5852 1.962323534085604e-08 320.32051967229387 17.9887972994425 1.7988797300499471e+01 17.988797301500373 17.988797302722258   
533 5863 1.7756358536168648e-08 321.45994983838597 17.9887972994425 1.7988797300446109e+01 17.98879730172082 17.988797303320148   
534 5874 1.629603899176883e-08 326.3247416963926 17.98879729942943 1.7988797299429429e+01 17.98879730090451 17.988797302936177   
535 5885 1.6682421430301686e-08 325.0649404675017 17.98879729942943 1.7988797300158616e+01 17.988797300794214 17.988797302186494   
536 5896 1.62704355014991e-08 327.75539333893033 17.98879729942943 1.7988797299596179e+01 17.988797300672985 17.988797301999018   
537 5907 1.6063771310907027e-08 340.501902147532 17.988797299407185 1.7988797299407185e+01 17.988797300432417 17.988797301128333   
538 5918 1.610656488156675e-08 340.533058543518 17.988797299407185 1.7988797299600275e+01 17.988797300317614 17.98879730392546   
539 5929 1.4487539649172128e-08 339.4411599049305 17.988797299407185 1.7988797299961316e+01 17.98879730052849 17.98879730261924   
540 5940 1.3421991081984079e-08 338.73161188079723 17.988797299407185 1.7988797299467990e+01 17.98879730009509 17.98879730174921   
541 5951 1.2593010307749285e-08 339.8950509881036 17.98879729933678 1.7988797299336781e+01 17.98879730004872 17.988797300546487   
542 5962 1.1647355550568847e-08 340.33668909700083 17.988797299131953 1.7988797299131953e+01 17.98879730012637 17.988797300906384   
543 5973 1.158156869811358e-08 343.893854826166 17.988797299131953 1.7988797299440307e+01 17.98879730018275 17.988797301812834   
544 5984 1.0939333273230827e-08 345.665582907058 17.988797299131953 1.7988797299355394e+01 17.98879730020619 17.988797301132156   
545 5995 9.858455358155394e-09 359.3193240721072 17.98879729904395 1.7988797299043949e+01 17.988797300045164 17.98879730159827   
546 6006 9.38776146658503e-09 359.7660556535013 17.98879729904395 1.7988797299125494e+01 17.988797300391234 17.98879730205337   
547 6017 8.716595507359323e-09 363.3319102494027 17.98879729904395 1.7988797299168866e+01 17.988797299602858 17.988797300430335   
548 6028 8.555582982358436e-09 367.66664608180565 17.988797299014337 1.7988797299014337e+01 17.988797299326627 17.988797299649548   
549 6039 8.103480097516704e-09 364.35102719239467 17.988797299014337 1.7988797299103794e+01 17.98879729928339 17.988797301472026   
550 6050 7.715681514096455e-09 356.98531024205545 17.988797299014337 1.7988797299088993e+01 17.98879729936127 17.988797299642698   
551 6061 7.931359661102635e-09 365.3495865618883 17.988797298879774 1.7988797298879774e+01 17.98879729917013 17.988797299624824   
552 6072 8.267412083674291e-09 375.77447167247846 17.988797298746377 1.7988797298746377e+01 17.98879729925826 17.988797299637262   
553 6083 8.534627649807417e-09 391.7196445335788 17.988797298746377 1.7988797298796960e+01 17.988797299480453 17.988797300558126   
554 6094 8.767367650049415e-09 407.7176622357941 17.988797298746377 1.7988797298758424e+01 17.988797299363938 17.98879729967199   
555 6105 8.729043982061904e-09 428.23396709236846 17.988797298746377 1.7988797299119586e+01 17.988797299470896 17.988797300201917   
556 6116 8.351229353332991e-09 438.9254185006462 17.988797298746377 1.7988797298858128e+01 17.988797299392033 17.988797300127317   
557 6127 7.719354312411557e-09 444.09487558169377 17.988797298746377 1.7988797298813736e+01 17.98879729920654 17.988797300804148   
558 6138 7.067453563027565e-09 449.2419132155853 17.988797298731765 1.7988797298731765e+01 17.98879729924651 17.98879729996828   
559 6149 6.676813914617035e-09 462.45123004102453 17.988797298731765 1.7988797299012091e+01 17.988797299233678 17.988797300021947   
560 6160 6.661790498908336e-09 469.1952317638509 17.988797298731765 1.7988797298751180e+01 17.98879729906916 17.988797299818245   
561 6171 6.200433155566548e-09 478.60736259460333 17.98879729869318 1.7988797298693179e+01 17.988797298961288 17.98879729937623   
562 6182 5.7004558055422585e-09 472.0759756405522 17.98879729869318 1.7988797298764759e+01 17.98879729901096 17.988797299285785   
563 6193 5.675391966117377e-09 484.539431839131 17.988797298620597 1.7988797298620597e+01 17.98879729891181 17.988797299592537   
564 6204 5.649516169654522e-09 486.8042987080187 17.988797298620597 1.7988797298646531e+01 17.988797298788274 17.988797299217154   
565 6215 5.3229777257003125e-09 482.6485390118399 17.988797298620597 1.7988797298633067e+01 17.988797298894443 17.988797299371537   
566 6226 4.95733865539954e-09 475.43510157719015 17.98879729854422 1.7988797298544220e+01 17.988797298962663 17.988797299305354   
567 6237 4.786229483713207e-09 472.32382100413975 17.98879729854422 1.7988797298687491e+01 17.988797298809573 17.98879729924824   
568 6248 4.509122810458641e-09 464.60866639849655 17.988797298505997 1.7988797298505997e+01 17.98879729875324 17.98879729973134   
569 6259 4.014437047754678e-09 452.89822833059384 17.988797298505997 1.7988797298625919e+01 17.988797298769406 17.98879729962825   
570 6270 3.6828911237845907e-09 454.24268276960106 17.9887972985028 1.7988797298502799e+01 17.98879729867681 17.98879729892301   
571 6281 3.5160554682966745e-09 461.59384551829373 17.9887972985028 1.7988797298543105e+01 17.98879729867461 17.988797298862288   
572 6292 3.3089834541132252e-09 483.0475221575515 17.9887972985028 1.7988797298529885e+01 17.988797298699975 17.988797298790736   
573 6303 3.01771199814662e-09 491.73891248549614 17.9887972985023 1.7988797298502298e+01 17.98879729862992 17.98879729880653   
574 6314 2.859674737154821e-09 493.2967502787704 17.988797298468793 1.7988797298468793e+01 17.98879729858931 17.98879729876613   
575 6325 2.737448005424146e-09 507.0213700068708 17.988797298463098 1.7988797298463098e+01 17.988797298569846 17.98879729879767   
576 6336 2.5501350471604942e-09 508.90146656829273 17.988797298407597 1.7988797298407597e+01 17.98879729860012 17.988797298681337   
577 6347 2.4542338902250108e-09 505.8801952179044 17.988797298407597 1.7988797298454294e+01 17.988797298578856 17.988797298695335   
578 6358 2.2640261513368745e-09 499.2136642168577 17.988797298407597 1.7988797298442382e+01 17.988797298554726 17.988797298868786   
579 6369 2.1379131416981865e-09 497.8740449637228 17.98879729838708 1.7988797298387080e+01 17.98879729850208 17.988797298641543   
580 6380 1.9630614192853616e-09 508.0699886998637 17.98879729838708 1.7988797298425226e+01 17.98879729845858 17.98879729873311   
581 6391 1.7851969817380245e-09 502.75127411264174 17.988797298381535 1.7988797298381535e+01 17.98879729849345 17.988797298708402   
582 6402 1.7117600469017684e-09 511.87536061192236 17.98879729833907 1.7988797298339069e+01 17.988797298421837 17.988797298525032   
583 6413 1.6650870178460724e-09 510.12286517679865 17.98879729833907 1.7988797298365515e+01 17.98879729845678 17.988797298578717   
584 6424 1.5888364955157515e-09 507.9105070843583 17.98879729833907 1.7988797298371189e+01 17.988797298450052 17.988797298783265   
585 6435 1.5085449177794442e-09 500.13854712828373 17.98879729833907 1.7988797298363480e+01 17.988797298406077 17.98879729845807   
586 6446 1.3677523406521904e-09 510.78678222797953 17.98879729833907 1.7988797298369555e+01 17.98879729845467 17.988797298582273   
587 6457 1.2960100659541869e-09 512.986176502348 17.98879729833907 1.7988797298339218e+01 17.988797298393834 17.988797298532624   
588 6468 1.2942983401728907e-09 505.0940810690607 17.98879729833907 1.7988797298359589e+01 17.988797298410468 17.9887972985411   
589 6479 1.254374004984542e-09 494.70239479134534 17.98879729831868 1.7988797298318680e+01 17.988797298387684 17.988797298544384   
590 6490 1.2336426766181238e-09 503.8034069173336 17.98879729831868 1.7988797298341250e+01 17.988797298396804 17.988797298454926   
591 6501 1.2519520781472531e-09 509.51633282293847 17.98879729831868 1.7988797298345332e+01 17.988797298382174 17.98879729844295   
592 6512 1.2936396450479151e-09 509.638988192739 17.98879729831868 1.7988797298369857e+01 17.988797298381858 17.988797298485967   
593 6523 1.212177628160263e-09 517.5082462473762 17.98879729831868 1.7988797298378639e+01 17.988797298398424 17.98879729845445   
594 6534 1.1635694137747947e-09 507.02637633759934 17.98879729831868 1.7988797298349205e+01 17.98879729840953 17.98879729847658   
595 6545 1.0838697718962802e-09 506.59602783585325 17.98879729831868 1.7988797298359025e+01 17.988797298384853 17.988797298473294   
596 6556 9.749628228659218e-10 509.57604322459474 17.98879729831868 1.7988797298328286e+01 17.988797298386494 17.988797298536277   
597 6567 9.368518265883678e-10 517.8188481177474 17.98879729831868 1.7988797298327576e+01 17.988797298347684 17.988797298456117   
598 6578 8.957727640025024e-10 516.3757942760888 17.98879729831868 1.7988797298321447e+01 17.98879729835295 17.98879729849181   
599 6589 8.961418058043046e-10 512.727626520291 17.988797298317365 1.7988797298317365e+01 17.988797298354786 17.988797298383968   
600 6600 8.75908921021747e-10 521.0660007217884 17.98879729831422 1.7988797298314221e+01 17.988797298330763 17.988797298360574   
601 6611 8.693217846513909e-10 513.3437180499355 17.98879729831422 1.7988797298317195e+01 17.988797298348985 17.988797298403185   
602 6622 8.230063344612288e-10 513.2556849500259 17.988797298305407 1.7988797298305407e+01 17.988797298338138 17.988797298396882   
603 6633 7.550703867977682e-10 526.0249464966803 17.988797298305407 1.7988797298309066e+01 17.988797298358236 17.988797298393322   
604 6644 7.037956730918129e-10 531.2294247758867 17.988797298305407 1.7988797298307198e+01 17.98879729832238 17.988797298394683   
605 6655 6.347246807017698e-10 555.8506304824947 17.988797298301314 1.7988797298301314e+01 17.98879729832639 17.988797298337676   
606 6666 5.685250707907868e-10 565.8045389855574 17.988797298297175 1.7988797298297175e+01 17.98879729831878 17.98879729835521   
607 6677 5.287699980527839e-10 582.8224856998066 17.988797298297175 1.7988797298300973e+01 17.98879729831291 17.988797298326034   
608 6688 5.09678017243704e-10 587.0850927541903 17.988797298297175 1.7988797298306533e+01 17.98879729832239 17.98879729833513   
609 6699 4.823658510003133e-10 598.0835619013793 17.988797298297175 1.7988797298298280e+01 17.98879729831688 17.988797298336223   
610 6710 4.284162386104555e-10 616.2134537324919 17.988797298294323 1.7988797298294323e+01 17.98879729831252 17.988797298330855   
611 6721 3.829484789543557e-10 627.204334913478 17.988797298294323 1.7988797298297460e+01 17.988797298307382 17.98879729832261   
612 6732 3.633453494785835e-10 633.6638065304695 17.988797298294323 1.7988797298298092e+01 17.988797298304732 17.988797298328663   
613 6743 3.4252605970419047e-10 633.9002021894582 17.988797298292358 1.7988797298292358e+01 17.988797298301712 17.988797298320282   
614 6754 3.518253389580793e-10 651.5607550347103 17.988797298287203 1.7988797298287203e+01 17.988797298300817 17.98879729830714   
615 6765 3.483129578001856e-10 665.1067463045849 17.988797298287203 1.7988797298288631e+01 17.988797298304444 17.988797298327032   
616 6776 3.3343130606644703e-10 667.1068261730417 17.988797298287203 1.7988797298287984e+01 17.988797298298735 17.988797298315703   
617 6787 3.354029522712558e-10 652.110971787437 17.9887972982858 1.7988797298285800e+01 17.988797298301222 17.988797298311965   
618 6798 3.38897302670369e-10 652.072761645513 17.9887972982858 1.7988797298289953e+01 17.988797298295463 17.988797298316648   
619 6809 3.1950642059421015e-10 660.6426689726903 17.9887972982858 1.7988797298293502e+01 17.988797298299342 17.988797298308448   
620 6820 2.854704687411255e-10 662.9374262389172 17.9887972982858 1.7988797298288610e+01 17.988797298293427 17.98879729831156   
621 6831 2.6685497449381783e-10 678.9857135460974 17.9887972982858 1.7988797298289096e+01 17.98879729829913 17.988797298312605   
622 6842 2.663141594798921e-10 686.5905656026705 17.988797298285306 1.7988797298285306e+01 17.988797298292745 17.98879729829969   
623 6853 2.699184390730036e-10 706.3974435872922 17.988797298285306 1.7988797298288112e+01 17.988797298293427 17.988797298310892   
624 6864 2.659100009705759e-10 723.7150753948079 17.988797298282158 1.7988797298282158e+01 17.988797298290933 17.98879729830879   
625 6875 2.5080356741053966e-10 716.2069451575865 17.988797298282158 1.7988797298283053e+01 17.988797298291086 17.988797298292873   
626 6886 2.5059146553626297e-10 717.5787816451984 17.988797298282158 1.7988797298283263e+01 17.98879729829271 17.988797298308665   
627 6897 2.415424552370582e-10 714.7312348264524 17.98879729828175 1.7988797298281749e+01 17.98879729829038 17.988797298306487   
628 6908 2.3008773823751287e-10 723.233196371737 17.988797298281522 1.7988797298281522e+01 17.988797298287118 17.988797298297985   
629 6919 2.251175666370448e-10 718.60931586609 17.988797298279536 1.7988797298279536e+01 17.9887972982845 17.988797298301293   
630 6930 2.2858419512374327e-10 708.6889820533012 17.988797298279014 1.7988797298279014e+01 17.988797298283043 17.98879729828957   
631 6941 2.3264866562865604e-10 732.3632452482469 17.988797298279014 1.7988797298279778e+01 17.98879729828431 17.98879729829826   
632 6952 2.2501693562234245e-10 761.408170541283 17.988797298279014 1.7988797298280403e+01 17.988797298283913 17.98879729829375   
633 6963 2.091749014089094e-10 763.2306469591124 17.988797298279014 1.7988797298280275e+01 17.98879729828706 17.98879729829499   
634 6974 2.0576517358217858e-10 764.5023735265564 17.988797298278225 1.7988797298278225e+01 17.988797298283412 17.988797298301936   
635 6985 1.992567874675339e-10 748.2545426984832 17.988797298274555 1.7988797298274555e+01 17.988797298282147 17.98879729830623   
636 6996 1.8763942101318084e-10 740.5302740266781 17.988797298274555 1.7988797298274584e+01 17.988797298285203 17.988797298289622   
637 7007 1.7100477101501702e-10 738.7848984658307 17.988797298274555 1.7988797298275344e+01 17.988797298281526 17.988797298287125   
638 7018 1.547389357364225e-10 735.5172304170592 17.988797298274555 1.7988797298275202e+01 17.988797298281174 17.988797298285895   
639 7029 1.4398517085183667e-10 742.5612776654917 17.988797298274555 1.7988797298276388e+01 17.988797298279955 17.988797298285487   
640 7040 1.46204686467869e-10 754.9583917913345 17.988797298274555 1.7988797298275774e+01 17.988797298279785 17.988797298295022   
641 7051 1.3645429830248345e-10 800.5749348250164 17.988797298274555 1.7988797298275813e+01 17.98879729827812 17.988797298286734   
642 7062 1.245282761724662e-10 823.9034104235227 17.988797298274193 1.7988797298274193e+01 17.988797298276328 17.988797298279056   
643 7073 1.1151176850365647e-10 807.8384253236636 17.988797298274193 1.7988797298275323e+01 17.988797298279128 17.988797298281426   
644 7084 9.88623330536115e-11 822.7602946706751 17.98879729827419 1.7988797298274189e+01 17.988797298276126 17.988797298279934   
645 7095 9.623188349212945e-11 850.830138835246 17.98879729827333 1.7988797298273330e+01 17.988797298276424 17.988797298293026   
646 7106 9.351412701754824e-11 859.2061839670308 17.98879729827333 1.7988797298274058e+01 17.98879729827512 17.988797298278715   
647 7117 9.517681159661175e-11 821.5918568826386 17.98879729827333 1.7988797298274605e+01 17.988797298275536 17.98879729828083   
648 7128 8.717461917039303e-11 823.57880113701 17.98879729827263 1.7988797298272630e+01 17.98879729827694 17.988797298284197   
649 7139 8.179602194072677e-11 811.2016872724286 17.98879729827263 1.7988797298273433e+01 17.98879729827576 17.988797298278364   
650 7150 8.120593295163225e-11 828.9041093610566 17.98879729827263 1.7988797298274552e+01 17.988797298275472 17.98879729827829   
651 7161 7.631370784405958e-11 834.642683936826 17.98879729827263 1.7988797298273187e+01 17.98879729827583 17.988797298283238   
652 7172 7.309104105578705e-11 834.214809900282 17.98879729827263 1.7988797298273280e+01 17.988797298274953 17.98879729827989   
653 7183 6.854464493119544e-11 834.4658630461205 17.98879729827263 1.7988797298273255e+01 17.988797298274932 17.98879729827977   
654 7194 6.495274248679575e-11 871.7288843704127 17.98879729827263 1.7988797298273802e+01 17.988797298274832 17.98879729827789   
655 7205 6.200684482371713e-11 871.0475515953885 17.98879729827263 1.7988797298273063e+01 17.988797298274513 17.98879729827715   
656 7216 5.7651454772100674e-11 870.0503927944897 17.98879729827263 1.7988797298273635e+01 17.988797298275337 17.988797298277913   
657 7227 5.7619175912214986e-11 861.9542554513603 17.98879729827263 1.7988797298272722e+01 17.98879729827451 17.988797298277845   
658 7238 5.54225847016874e-11 898.0232439106918 17.988797298272157 1.7988797298272157e+01 17.988797298275262 17.98879729827731   
659 7249 5.401281645405549e-11 903.7509962843033 17.988797298272157 1.7988797298272640e+01 17.988797298273635 17.988797298280314   
660 7260 5.313649241126949e-11 913.6842562743644 17.988797298272157 1.7988797298272743e+01 17.98879729827367 17.98879729827551   
661 7271 5.444838793118356e-11 923.3552889412405 17.988797298272125 1.7988797298272125e+01 17.988797298274374 17.9887972982781   
662 7282 5.332311349454918e-11 933.2076140760878 17.988797298272125 1.7988797298272434e+01 17.98879729827347 17.98879729827544   
663 7293 5.379212798913001e-11 943.1506898479064 17.98879729827205 1.7988797298272051e+01 17.98879729827425 17.98879729827567   
664 7304 5.196244383553085e-11 927.6479846077061 17.98879729827205 1.7988797298272772e+01 17.98879729827327 17.988797298276147   
665 7315 5.3941505601801315e-11 940.3179032168255 17.98879729827205 1.7988797298272189e+01 17.988797298273596 17.98879729827645   
666 7326 5.321678398253965e-11 966.483290917996 17.988797298271905 1.7988797298271905e+01 17.98879729827323 17.98879729827459   
667 7337 5.191193570495087e-11 989.3816968579088 17.98879729827169 1.7988797298271692e+01 17.988797298273322 17.988797298275983   
668 7348 4.911760486198534e-11 972.4453105763647 17.988797298271646 1.7988797298271646e+01 17.98879729827287 17.9887972982766   
669 7359 4.713313073641255e-11 980.1882869594754 17.988797298271646 1.7988797298271969e+01 17.988797298272715 17.988797298276083   
